Kosovo <-
  structure(
    list(
      EXH = c(1, 0, 0, 0, 1, 1, 1, 0, 0, 0, 1, 1, 1, 0, 1),
      ABA = c(0, 1, 0, 0, 1, 0, 0, 1, 1, 0, 1, 1, 0, 1, 1),
      OSCE = c(0, 0, 1, 0, 0, 1, 0, 1, 0, 1, 1, 0, 1, 1, 1),
      HRW = c(0, 0, 0, 1, 0, 0, 1, 0, 1, 1, 0, 1, 1, 1, 1),
      Frequency = c(1131, 845, 936, 306, 177, 228, 106, 217, 31, 123, 181, 18, 42, 32, 27)
    ),
    row.names = c(NA,-15),
    class = "data.frame"
  )
Ned <-
  structure(
    list(
      I = c(1, 1, 1, 1, 1, 1, 1, 0, 0, 0,
            0, 0, 0, 0, 0, 0, 0, 0, 0, 0, 0, 0, 0, 0),
      K = c(0,
            0, 0, 0, 0, 0, 0, 1, 1, 1, 1, 0, 0, 0, 0, 0, 0,
            0, 0, 0, 0, 0, 0, 0),
      O = c(1, 1, 0, 0, 0, 0, 0,
            1, 0, 0, 0, 1, 1, 1, 1, 1, 1, 0, 0, 0, 0, 0, 0,
            0),
      P = c(1, 0, 1, 1, 0, 0, 0, 0, 1, 0, 0, 1, 1,
            1, 0, 0, 0, 1, 1, 1, 1, 0, 0, 0),
      R = c(0, 0, 0,
            0, 1, 0, 0, 0, 0, 0, 0, 1, 0, 0, 0, 0, 0, 1, 1,
            0, 0, 1, 1, 0),
      Z = c(0, 0, 1, 0, 0, 1, 0, 0, 0,
            1, 0, 0, 1, 0, 1, 1, 0, 1, 0, 1, 0, 1, 0, 1),
      frequency = c(
        4,
        1,
        4,
        18,
        3,
        16,
        352,
        1,
        44,
        4,
        1299,
        2,
        7,
        59,
        2,
        57,
        403,
        1,
        82,
        125,
        4466,
        2,
        650,
        632
      )
    ),
    class = "data.frame",
    row.names = c(NA,-24)
  )
Ned_5 <-
  structure(
    list(
      IO = c(1, 0, 0, 0, 0, 1, 1, 1, 1, 0, 0, 0, 0,
             0, 1, 1, 0),
      K = c(0, 1, 0, 0, 0, 1, 0, 0, 0, 1, 1, 0, 0, 0,
            0, 0, 0),
      P = c(0, 0, 1, 0, 0, 0, 1, 0, 0, 1, 0, 1, 1, 0, 1,
            1, 1),
      R = c(0, 0, 0, 1, 0, 0, 0, 1, 0, 0, 0, 1, 0, 1, 1, 0,
            1),
      Z = c(0, 0, 0, 0, 1, 0, 0, 0, 1, 0, 1, 0, 1, 1, 0, 1, 1),
      frequency = c(756, 1299, 4466, 650, 632, 1, 81, 3, 75, 44,
                    4, 82, 125, 2, 2, 11, 1)
    ),
    row.names = c(NA,-17),
    class = "data.frame"
  )
NewOrl <-
  structure(
    list(
      A = c(1, 1, 1, 1, 1, 1, 0, 0, 0, 0, 0, 0, 0, 0,
            0, 0, 0, 0, 0),
      B = c(0, 0, 0, 0, 0, 0, 1, 1, 0, 0, 0, 0, 0,
            0, 0, 0, 0, 0, 0),
      C = c(0, 1, 0, 0, 1, 0, 0, 0, 1, 1, 1, 1,
            0, 0, 0, 0, 0, 0, 0),
      D = c(0, 0, 1, 0, 0, 1, 0, 0, 0, 1, 0,
            0, 1, 1, 0, 0, 0, 0, 0),
      E = c(0, 0, 0, 1, 0, 1, 0, 0, 0, 0,
            1, 0, 0, 1, 1, 1, 0, 0, 0),
      F = c(0, 0, 0, 0, 0, 0, 0, 1, 0,
            0, 0, 0, 0, 0, 0, 0, 1, 0, 0),
      G = c(0, 0, 0, 0, 1, 0, 0, 0,
            0, 0, 0, 1, 0, 0, 0, 0, 0, 1, 0),
      H = c(0, 0, 0, 0, 0, 0, 0,
            0, 0, 0, 0, 0, 0, 0, 0, 1, 0, 0, 1),
      n = c(25, 1, 2, 1, 1, 1,
            5, 1, 70, 1, 1, 1, 33, 2, 6, 1, 6, 6, 21)
    ),
    row.names = c(NA,-19),
    class = "data.frame"
  )
NewOrl_5 <-
  structure(
    list(
      A = c(1, 0, 0, 0, 0, 1, 1, 1, 0, 0, 0, 0, 1, 1),
      BEFG = c(0, 1, 0, 0, 0, 1, 0, 0, 1, 1, 1, 0, 1, 1),
      C = c(0,
            0, 1, 0, 0, 0, 1, 0, 1, 0, 0, 1, 1, 0),
      D = c(0, 0, 0, 1, 0,
            0, 0, 1, 0, 1, 0, 1, 0, 1),
      H = c(0, 0, 0, 0, 1, 0, 0, 0, 0,
            0, 1, 0, 0, 0),
      n = c(25, 24, 70, 33, 21, 1, 1, 2, 2, 2, 1, 1,
            1, 1)
    ),
    row.names = c(NA,-14),
    class = "data.frame"
  )
UKdat <-
  structure(
    list(
      LA = c(1, 0, 0, 0, 0, 0, 1, 1, 1, 0,
             0, 0, 0, 0, 0, 0, 0, 0, 0, 1, 1, 0, 0, 0, 1),
      NG = c(0, 1, 0, 0, 0, 0, 1, 0, 0, 1, 1, 1, 1,
             0, 0, 0, 0, 0, 0, 1, 1, 1, 1, 0, 1),
      PF = c(0,
             0, 1, 0, 0, 0, 0, 1, 0, 1, 0, 0, 0, 1, 1, 1,
             0, 0, 0, 1, 0, 1, 1, 1, 1),
      GO = c(0, 0, 0, 1,
             0, 0, 0, 0, 1, 0, 1, 0, 0, 1, 0, 0, 1, 1, 0,
             0, 1, 1, 0, 1, 1),
      GP = c(0, 0, 0, 0, 1, 0, 0,
             0, 0, 0, 0, 1, 0, 0, 1, 0, 1, 0, 1, 0, 0, 0,
             0, 0, 0),
      NCA = c(0, 0, 0, 0, 0, 1, 0, 0, 0,
              0, 0, 0, 1, 0, 0, 1, 0, 1, 1, 0, 0, 0, 1, 1,
              0),
      count = c(
        54,
        463,
        907,
        695,
        316,
        57,
        15,
        19,
        3,
        56,
        19,
        1,
        3,
        69,
        10,
        31,
        8,
        6,
        1,
        1,
        1,
        4,
        3,
        1,
        1
      )
    ),
    class = "data.frame",
    row.names = c(NA,-25)
  )
UKdat_4 <-
  structure(
    list(
      LA = c(1, 0, 0, 0, 1, 1, 1, 0, 0, 0, 1, 1, 0,
             1),
      NG = c(0, 1, 0, 0, 1, 0, 0, 1, 1, 0, 1, 1, 1, 1),
      PFNCA = c(0,
                0, 1, 0, 0, 1, 0, 1, 0, 1, 1, 0, 1, 1),
      GO = c(0, 0, 0, 1, 0,
             0, 1, 0, 1, 1, 0, 1, 1, 1),
      count = c(54, 464, 1006, 703, 15,
                19, 3, 62, 19, 76, 1, 1, 4, 1)
    ),
    row.names = c(NA,-14),
    class = "data.frame"
  )
UKdat_5 <-
  structure(
    list(
      LA = c(1, 0, 0, 0, 0, 1, 1, 1, 0, 0, 0, 0, 0,
             0, 1, 1, 0, 1),
      NG = c(0, 1, 0, 0, 0, 1, 0, 0, 1, 1, 1, 0, 0,
             0, 1, 1, 1, 1),
      PFNCA = c(0, 0, 1, 0, 0, 0, 1, 0, 1, 0, 0, 1,
                1, 0, 1, 0, 1, 1),
      GO = c(0, 0, 0, 1, 0, 0, 0, 1, 0, 1, 0, 1,
             0, 1, 0, 1, 1, 1),
      GP = c(0, 0, 0, 0, 1, 0, 0, 0, 0, 0, 1, 0,
             1, 1, 0, 0, 0, 0),
      count = c(54, 463, 995, 695, 316, 15, 19,
                3, 62, 19, 1, 76, 11, 8, 1, 1, 4, 1)
    ),
    row.names = c(NA,-18),
    class = "data.frame"
  )
